api%5Ftoken=9f3348d58e47f11b5c90fcfad6df57d1b153a09c&api%5Fverno=1&api%5Frecovery%5Ftype=0&api%5Fformation=1
svdata={
           "api_result": 1,
           "api_result_msg": "成功",
           "api_data": {
               "api_deck_id": 1,
               "api_formation": [
                   1,
                   1,
                   4
               ],
               "api_f_nowhps": [
                   37,
                   92,
                   59,
                   58,
                   92,
                   26
               ],
               "api_f_maxhps": [
                   37,
                   92,
                   59,
                   58,
                   92,
                   32
               ],
               "api_fParam": [
                   [
                       60,
                       54,
                       110,
                       54
                   ],
                   [
                       105,
                       0,
                       94,
                       90
                   ],
                   [
                       77,
                       82,
                       82,
                       79
                   ],
                   [
                       77,
                       83,
                       83,
                       79
                   ],
                   [
                       102,
                       0,
                       90,
                       92
                   ],
                   [
                       59,
                       89,
                       59,
                       59
                   ]
               ],
               "api_ship_ke": [
                   1555,
                   1527,
                   1527,
                   1521,
                   1521,
                   1552
               ],
               "api_ship_lv": [
                   1,
                   1,
                   1,
                   1,
                   1,
                   1
               ],
               "api_e_nowhps": [
                   57,
                   76,
                   76,
                   50,
                   50,
                   43
               ],
               "api_e_maxhps": [
                   57,
                   76,
                   76,
                   50,
                   50,
                   43
               ],
               "api_eSlot": [
                   [
                       506,
                       525,
                       542,
                       543,
                       -1
                   ],
                   [
                       505,
                       506,
                       515,
                       525,
                       -1
                   ],
                   [
                       505,
                       506,
                       515,
                       525,
                       -1
                   ],
                   [
                       506,
                       514,
                       514,
                       -1,
                       -1
                   ],
                   [
                       506,
                       514,
                       514,
                       -1,
                       -1
                   ],
                   [
                       502,
                       515,
                       542,
                       -1,
                       -1
                   ]
               ],
               "api_eParam": [
                   [
                       48,
                       80,
                       30,
                       39
                   ],
                   [
                       68,
                       48,
                       40,
                       70
                   ],
                   [
                       68,
                       48,
                       40,
                       70
                   ],
                   [
                       35,
                       72,
                       20,
                       34
                   ],
                   [
                       35,
                       72,
                       20,
                       34
                   ],
                   [
                       33,
                       60,
                       24,
                       24
                   ]
               ],
               "api_n_support_flag": 2,
               "api_n_support_info": {
                   "api_support_airatack": null,
                   "api_support_hourai": {
                       "api_deck_id": 4,
                       "api_ship_id": [
                           3595,
                           4783,
                           464,
                           31,
                           700,
                           9
                       ],
                       "api_undressing_flag": [
                           0,
                           0,
                           0,
                           0,
                           0,
                           0
                       ],
                       "api_cl_list": [
                           0,
                           0,
                           2,
                           1,
                           2,
                           0,
                           0
                       ],
                       "api_damage": [
                           0,
                           0,
                           8,
                           67,
                           142,
                           0,
                           0
                       ]
                   }
               },
               "api_touch_plane": [
                   -1,
                   -1
               ],
               "api_flare_pos": [
                   -1,
                   -1
               ],
               "api_hougeki": {
                   "api_at_eflag": [
                       0,
                       0,
                       1,
                       0,
                       1,
                       0,
                       0
                   ],
                   "api_at_list": [
                       0,
                       1,
                       1,
                       2,
                       2,
                       3,
                       5
                   ],
                   "api_n_mother_list": [
                       0,
                       0,
                       0,
                       0,
                       0,
                       0,
                       0
                   ],
                   "api_df_list": [
                       [
                           0,
                           0
                       ],
                       [
                           5,
                           5
                       ],
                       [
                           4,
                           4
                       ],
                       [
                           5,
                           5
                       ],
                       [
                           3
                       ],
                       [
                           5,
                           5
                       ],
                       [
                           1,
                           1
                       ]
                   ],
                   "api_si_list": [
                       [
                           "122",
                           "122"
                       ],
                       [
                           "117",
                           "9"
                       ],
                       [
                           505,
                           515
                       ],
                       [
                           "123",
                           "123"
                       ],
                       [
                           505
                       ],
                       [
                           "50",
                           "50"
                       ],
                       [
                           "147",
                           "147"
                       ]
                   ],
                   "api_cl_list": [
                       [
                           1,
                           1
                       ],
                       [
                           1,
                           1
                       ],
                       [
                           1,
                           1
                       ],
                       [
                           1,
                           1
                       ],
                       [
                           2
                       ],
                       [
                           1,
                           1
                       ],
                       [
                           1,
                           1
                       ]
                   ],
                   "api_sp_list": [
                       1,
                       1,
                       2,
                       1,
                       0,
                       1,
                       1
                   ],
                   "api_damage": [
                       [
                           95,
                           0
                       ],
                       [
                           5,
                           3
                       ],
                       [
                           62,
                           22
                       ],
                       [
                           3,
                           3
                       ],
                       [
                           38
                       ],
                       [
                           131,
                           0
                       ],
                       [
                           127,
                           95
                       ]
                   ]
               }
           }
       }